la12d3fd2297311a5.txt:17.6860869:28.104
l5ca6f0870e7e1035.txt:28.104:30.8932507
lef4a4e9e1dba8af4.txt:30.8937963:32.5965262
l4ae340a70ccfa2c3.txt:32.5965351:33.5933751
l9f8f1252cb154c49.txt:33.5934445:34.3773189
le8391283fe146be9.txt:34.3773741:35.249559
lf88e5fc06fb1b06b.txt:35.2495716:36.0720691
ldfbb98d360250cec.txt:36.0720807:36.9251592
lc067d44fbcec2a78.txt:36.9253341:37.7392464
ld5475db3e17b131f.txt:37.7392558:38.502828
l9e05d67e8148c79d.txt:38.5028308:39.0970545
la2b9a62dc4d43723.txt:39.0970555:39.5897465
labdd91e69e956b6f.txt:39.5897723:40.107109
l3587200942a6b0c1.txt:40.1072:40.6746695
l86ac6c9b3c88dcb5.txt:40.6747222:41.2598193
l1846282157ae261.txt:41.2598757:42.0341658
l665b95b96c6ce7c0.txt:42.0342437:43.0703414
l7572dbd28c8f4660.txt:43.070522:44.7441667
ld1c95728d51e72ce.txt:44.7445159:47.3831544
lff786c83935bb8a4.txt:47.3832632:68.3609